[gd_scene load_steps=2 format=3 uid="uid://b8q2k5ijbuwcr"]

[ext_resource type="PackedScene" uid="uid://l3vrmlakqb81" path="res://models/paul_animatronic.glb" id="1_4roqx"]

[node name="paul_animatronic" instance=ExtResource("1_4roqx")]

[node name="Skeleton3D" parent="Paul Armature" index="0"]
bones/1/position = Vector3(-0.638681, 0.352555, 0.140409)
bones/4/position = Vector3(0.604664, 0.352555, 0.140409)
bones/7/position = Vector3(-0.0892946, 2.56481, -0.0681874)
bones/8/rotation = Quaternion(0.0503771, 0.0825937, -0.0172927, 0.995159)
bones/9/rotation = Quaternion(0.045262, -0.0816495, -0.0311484, 0.995145)
bones/10/rotation = Quaternion(-0.372753, -0.0344761, -0.110076, 0.920733)
bones/21/rotation = Quaternion(0.136906, 0.0839229, 0.962743, 0.217578)
bones/22/rotation = Quaternion(-0.194253, 0.146473, 0.11428, 0.963199)
bones/23/rotation = Quaternion(-0.0899165, 0.0121113, 0.083587, 0.992362)
bones/31/rotation = Quaternion(-0.249943, 0.0222398, 0.933418, -0.256445)
bones/32/rotation = Quaternion(-0.275861, -0.386996, -0.221062, 0.851626)
bones/33/rotation = Quaternion(-0.070701, 0.0861669, 0.0212325, 0.993542)
bones/40/rotation = Quaternion(-0.634117, -0.10035, 0.723509, 0.253694)
bones/41/rotation = Quaternion(-0.0594987, 0.00749051, 0.341019, 0.938142)
bones/46/rotation = Quaternion(0.635372, -0.0795756, 0.723558, -0.257749)
bones/47/rotation = Quaternion(-0.0379078, -0.00989228, -0.315385, 0.948155)

[node name="foot" parent="Paul Armature/Skeleton3D" index="0"]
transform = Transform3D(0.999999, 3.50177e-07, 7.45058e-07, -4.39584e-07, 1, -2.8871e-07, -7.00355e-07, 5.23403e-07, 1, -0.19625, 4.96257, -6.55651e-07)

[node name="foot_001" parent="Paul Armature/Skeleton3D" index="1"]
transform = Transform3D(0.999999, -3.50177e-07, -7.45058e-07, 4.39584e-07, 1, -2.8871e-07, 7.00355e-07, 5.23403e-07, 1, 0.162233, 4.96257, -6.55651e-07)

[node name="bigote" parent="Paul Armature/Skeleton3D" index="2"]
transform = Transform3D(0.946491, 0.322492, 0.0124043, -0.278048, 0.795332, 0.538643, 0.163843, -0.51327, 0.842443, 0.015462, 4.69491, -0.630179)

[node name="bigote_001" parent="Paul Armature/Skeleton3D" index="3"]
transform = Transform3D(0.946491, 0.322492, 0.0124043, -0.278048, 0.795332, 0.538643, 0.163843, -0.51327, 0.842443, 0.015462, 4.69491, -0.630179)

[node name="bigote_002" parent="Paul Armature/Skeleton3D" index="4"]
transform = Transform3D(0.946491, 0.322492, 0.0124043, -0.278048, 0.795332, 0.538643, 0.163843, -0.51327, 0.842443, 0.015462, 4.69491, -0.630179)

[node name="bigote_003" parent="Paul Armature/Skeleton3D" index="5"]
transform = Transform3D(0.946491, 0.322492, 0.0124043, -0.278048, 0.795332, 0.538643, 0.163843, -0.51327, 0.842443, 0.015462, 4.69491, -0.630179)

[node name="ear" parent="Paul Armature/Skeleton3D" index="6"]
transform = Transform3D(0.946491, 0.322492, 0.0124043, -0.278048, 0.795332, 0.538643, 0.163843, -0.51327, 0.842443, 0.015462, 4.69491, -0.630179)

[node name="ear_001" parent="Paul Armature/Skeleton3D" index="7"]
transform = Transform3D(0.946491, 0.322492, 0.0124043, -0.278048, 0.795332, 0.538643, 0.163843, -0.51327, 0.842443, 0.015462, 4.69491, -0.630179)

[node name="head base" parent="Paul Armature/Skeleton3D" index="8"]
transform = Transform3D(0.946491, 0.322492, 0.0124043, -0.278048, 0.795332, 0.538643, 0.163843, -0.51327, 0.842443, 0.015462, 4.69491, -0.630179)

[node name="neck_001" parent="Paul Armature/Skeleton3D" index="9"]
transform = Transform3D(0.993709, 0.1058, 0.0367232, -0.111405, 0.900303, 0.420766, 0.0114552, -0.42221, 0.906426, -0.000821646, 4.73112, -0.643149)

[node name="shoulder" parent="Paul Armature/Skeleton3D" index="10"]
transform = Transform3D(0.985759, 0.0246513, 0.16635, -0.0624541, 0.972115, 0.226033, -0.15614, -0.233203, 0.959811, -0.0460559, 4.78397, -0.594714)

[node name="hand_001" parent="Paul Armature/Skeleton3D" index="11"]
transform = Transform3D(0.569583, -0.804521, -0.168289, 0.781692, 0.593501, -0.19161, 0.254034, -0.0224127, 0.966935, -1.20876, 5.29884, 0.481804)

[node name="arm_002" parent="Paul Armature/Skeleton3D" index="12"]
transform = Transform3D(0.756581, -0.645828, -0.102429, 0.649332, 0.760504, 0.00114375, 0.0771586, -0.0673756, 0.994739, -0.566703, 5.23429, 0.0212621)

[node name="codo_001" parent="Paul Armature/Skeleton3D" index="13"]
transform = Transform3D(0.78354, -0.53177, 0.321382, 0.460364, 0.844223, 0.274503, -0.417291, -0.0671321, 0.90629, -0.481161, 5.01328, -0.65083)

[node name="arm" parent="Paul Armature/Skeleton3D" index="14"]
transform = Transform3D(0.78354, -0.53177, 0.321381, 0.460363, 0.844224, 0.274503, -0.41729, -0.0671321, 0.90629, -0.481161, 5.01328, -0.65083)

[node name="shoulder_001" parent="Paul Armature/Skeleton3D" index="15"]
transform = Transform3D(0.985758, 0.0246513, 0.16635, -0.062454, 0.972115, 0.226033, -0.15614, -0.233203, 0.959811, -0.0460551, 4.78397, -0.594714)

[node name="hand" parent="Paul Armature/Skeleton3D" index="16"]
transform = Transform3D(0.324992, 0.782114, 0.531675, -0.720532, 0.568909, -0.396453, -0.612546, -0.254245, 0.748429, 1.32228, 5.05416, 0.340122)

[node name="arm_001" parent="Paul Armature/Skeleton3D" index="17"]
transform = Transform3D(0.355407, 0.644282, 0.677191, -0.717549, 0.652348, -0.244058, -0.599007, -0.399178, 0.694152, 1.02107, 5.15114, 0.0969728)

[node name="codo" parent="Paul Armature/Skeleton3D" index="18"]
transform = Transform3D(0.838399, 0.508325, -0.196705, -0.492773, 0.861129, 0.125027, 0.232942, -0.00789117, 0.972458, 0.352194, 4.99228, -0.704747)

[node name="arm_003" parent="Paul Armature/Skeleton3D" index="19"]
transform = Transform3D(0.838399, 0.508325, -0.196705, -0.492773, 0.861129, 0.125026, 0.232942, -0.0078911, 0.972459, 0.352194, 4.99228, -0.704747)

[node name="torso_001" parent="Paul Armature/Skeleton3D" index="20"]
transform = Transform3D(0.985759, 0.0246513, 0.16635, -0.0624541, 0.972115, 0.226033, -0.15614, -0.233203, 0.959811, -0.0460556, 4.78397, -0.594714)

[node name="leg_002" parent="Paul Armature/Skeleton3D" index="21"]
transform = Transform3D(0.999649, 0.0160393, 0.0211115, -0.0203689, 0.974324, 0.224228, -0.016973, -0.224579, 0.974308, -0.125428, 4.80371, -1.03922)

[node name="knee_001" parent="Paul Armature/Skeleton3D" index="22"]
transform = Transform3D(0.995997, 0.0872881, -0.0192522, -0.088673, 0.992016, -0.0896749, 0.0112708, 0.091023, 0.995785, 0.104944, 4.80387, 0.0188291)

[node name="leg_001" parent="Paul Armature/Skeleton3D" index="23"]
transform = Transform3D(0.995997, 0.087288, -0.0192522, -0.0886728, 0.992016, -0.0896747, 0.0112709, 0.0910229, 0.995785, 0.104944, 4.80387, 0.0188292)

[node name="leg" parent="Paul Armature/Skeleton3D" index="24"]
transform = Transform3D(0.994668, -0.10015, -0.0245937, 0.103056, 0.974074, 0.201397, 0.00378642, -0.202857, 0.979201, -0.293648, 4.76918, -0.933933)

[node name="knee_002" parent="Paul Armature/Skeleton3D" index="25"]
transform = Transform3D(0.992465, -0.120932, 0.0197143, 0.121955, 0.9905, -0.0635285, -0.0118441, 0.065454, 0.997785, -0.357231, 4.79017, -0.037836)

[node name="leg_003" parent="Paul Armature/Skeleton3D" index="26"]
transform = Transform3D(0.992465, -0.120932, 0.0197143, 0.121955, 0.990501, -0.0635283, -0.0118442, 0.0654539, 0.997786, -0.357231, 4.79017, -0.0378359)

[node name="pelvis" parent="Paul Armature/Skeleton3D" index="27"]
transform = Transform3D(1, -7.34684e-40, -2.20405e-39, -3.67342e-40, 1, 0, 7.34684e-40, 0, 1, -0.0892946, 4.83288, -0.18567)
