[gd_scene load_steps=3 format=3 uid="uid://cnf6v1oprtmas"]

[ext_resource type="PackedScene" uid="uid://ctd24jmxxo51u" path="res://models/paul_animatronic_rig.glb" id="1_an8f1"]
[ext_resource type="Script" path="res://scripts/paul_animatronic_rig_controller.gd" id="2_cxclo"]

[node name="paul_animatronic_rig" instance=ExtResource("1_an8f1")]
script = ExtResource("2_cxclo")

[node name="Skeleton3D" parent="rig" index="0"]
bones/1/position = Vector3(0.0122532, 0.159413, 2.7645)
bones/1/rotation = Quaternion(0.810203, 0.000167982, -0.00874148, 0.586084)
bones/3/rotation = Quaternion(-0.0774642, 5.70009e-08, -6.70578e-09, 0.996995)
bones/4/rotation = Quaternion(-0.120873, -7.40404e-09, 3.74328e-08, 0.992668)
bones/5/rotation = Quaternion(0.106975, -0.0062063, -0.0578035, 0.992561)
bones/6/rotation = Quaternion(0.0743723, -0.000742393, -5.50218e-05, 0.99723)
bones/7/rotation = Quaternion(0.0778691, 0.0292998, 0.00228471, 0.99653)
bones/8/position = Vector3(0.665042, 0.0831942, 3.38851)
bones/8/rotation = Quaternion(-0.0320019, 0.623212, -0.587777, 0.514879)
bones/8/scale = Vector3(1, 13.1267, 1)
bones/9/position = Vector3(-0.697735, 0.263724, 3.46819)
bones/9/rotation = Quaternion(0.0284638, -0.664201, 0.633005, 0.39665)
bones/9/scale = Vector3(1, 12.7596, 1)
bones/10/position = Vector3(0.421205, 0.0217789, 1.58245)
bones/10/rotation = Quaternion(0.659646, 0.300416, -0.652051, 0.222366)
bones/10/scale = Vector3(1, 16.8146, 1)
bones/11/position = Vector3(-0.401197, 0.0383288, 1.58754)
bones/11/rotation = Quaternion(0.649311, -0.298956, 0.655228, 0.24433)
bones/11/scale = Vector3(1, 17.0144, 1)
bones/13/position = Vector3(0.0145023, -0.00921589, -0.0766988)
bones/13/rotation = Quaternion(0.0329919, 0.00701264, -0.00522152, 0.999417)
bones/15/rotation = Quaternion(-3.63798e-12, -1.38778e-17, 2.18279e-10, 1)
bones/26/rotation = Quaternion(0.970759, 0.0380268, -0.136925, 0.193474)
bones/26/scale = Vector3(0.973488, 0.973487, 0.973485)
bones/27/rotation = Quaternion(0.0925976, 4.46744e-08, -1.10529e-09, 0.995704)
bones/27/scale = Vector3(1.00464, 1.00464, 1.00464)
bones/28/rotation = Quaternion(-0.620794, 0.0544765, 0.0912099, 0.776742)
bones/28/scale = Vector3(1.02249, 1.02249, 1.02249)
bones/29/position = Vector3(-5.36449e-05, 0.590853, -0.000553085)
bones/34/scale = Vector3(1.02249, 1.02249, 1.02249)
bones/36/rotation = Quaternion(-1.15545e-07, 0.0306467, -2.63107e-08, 0.99953)
bones/36/scale = Vector3(1.02249, 1.02249, 1.02249)
bones/39/scale = Vector3(1.02724, 1.02724, 1.02724)
bones/40/rotation = Quaternion(-4.61407e-08, -0.122882, 8.19836e-09, 0.992421)
bones/40/scale = Vector3(1.02724, 1.02724, 1.02724)
bones/43/rotation = Quaternion(0.972345, -0.0239882, 0.136403, 0.188053)
bones/43/scale = Vector3(0.975779, 0.975778, 0.975776)
bones/44/rotation = Quaternion(0.078146, 6.36556e-09, -5.81783e-09, 0.996942)
bones/44/scale = Vector3(1.00423, 1.00423, 1.00423)
bones/45/rotation = Quaternion(-0.611793, -0.0742331, -0.104586, 0.780552)
bones/45/scale = Vector3(1.0205, 1.0205, 1.02051)
bones/46/position = Vector3(4.82974e-05, 0.590867, -0.000503584)
bones/51/scale = Vector3(1.0205, 1.0205, 1.0205)
bones/53/rotation = Quaternion(2.52944e-08, -0.0416551, 3.78682e-08, 0.999132)
bones/53/scale = Vector3(1.0205, 1.0205, 1.02051)
bones/56/scale = Vector3(1.02482, 1.02482, 1.02482)
bones/57/rotation = Quaternion(-1.87629e-08, 0.122351, 3.29413e-08, 0.992487)
bones/57/scale = Vector3(1.02482, 1.02482, 1.02482)
bones/68/rotation = Quaternion(-0.676929, -0.293123, 0.233798, 0.633392)
bones/69/rotation = Quaternion(-0.0492489, 0.245229, 0.0124748, 0.968133)
bones/69/scale = Vector3(0.973487, 0.973486, 0.973487)
bones/70/rotation = Quaternion(0.0925976, 4.06523e-08, -5.79767e-09, 0.995704)
bones/70/scale = Vector3(1.00464, 1.00464, 1.00464)
bones/71/rotation = Quaternion(0.908243, -0.0102047, -0.369076, 0.196912)
bones/73/rotation = Quaternion(0.908243, -0.010205, -0.369076, 0.196912)
bones/73/scale = Vector3(1.01353, 0.973487, 1.01353)
bones/74/rotation = Quaternion(8.10531e-09, 0.122348, 8.12708e-09, 0.992487)
bones/74/scale = Vector3(1.00001, 0.999971, 1.00001)
bones/75/rotation = Quaternion(0.0920174, 0.12227, -0.0109451, 0.988162)
bones/75/scale = Vector3(0.997675, 1.00334, 0.999099)
bones/76/rotation = Quaternion(-1.85278e-09, -0.137093, -4.23657e-08, 0.990558)
bones/77/rotation = Quaternion(-0.602634, 0.160945, 0.175491, 0.761664)
bones/77/scale = Vector3(0.989273, 0.990175, 1.02098)
bones/78/rotation = Quaternion(-5.36152e-05, 0.989625, -0.143674, -0.000680623)
bones/78/scale = Vector3(0.999852, 1.00026, 0.999888)
bones/87/rotation = Quaternion(-0.676504, 0.284096, -0.24334, 0.634364)
bones/88/rotation = Quaternion(-0.0415401, -0.24532, -0.0105221, 0.968495)
bones/88/scale = Vector3(0.975777, 0.975778, 0.975777)
bones/89/rotation = Quaternion(0.078146, -8.14695e-10, -3.5415e-09, 0.996942)
bones/89/scale = Vector3(1.00423, 1.00423, 1.00423)
bones/90/rotation = Quaternion(0.910246, 0.0223294, 0.368122, 0.188256)
bones/92/rotation = Quaternion(0.910246, 0.0223296, 0.368122, 0.188257)
bones/92/scale = Vector3(1.01234, 0.975778, 1.01234)
bones/93/rotation = Quaternion(-3.3929e-10, -0.121971, -1.18774e-08, 0.992534)
bones/93/scale = Vector3(1.00001, 0.999971, 1.00002)
bones/94/rotation = Quaternion(0.0776497, -0.121923, 0.00922491, 0.989454)
bones/94/scale = Vector3(0.997876, 1.0034, 0.998801)
bones/95/rotation = Quaternion(4.73928e-09, 0.126773, 3.55662e-08, 0.991932)
bones/96/rotation = Quaternion(-0.593796, -0.173023, -0.181351, 0.764579)
bones/96/scale = Vector3(0.9902, 0.991257, 1.01891)
bones/97/rotation = Quaternion(-0.000139289, 0.989619, -0.143716, -0.000670476)
bones/97/scale = Vector3(0.999864, 1.00024, 0.999897)
bones/103/rotation = Quaternion(1.09139e-10, 7.85804e-10, 4.86034e-09, 1)
bones/105/rotation = Quaternion(0.077464, 2.23943e-08, 7.08204e-09, 0.996995)
bones/108/rotation = Quaternion(-0.695768, -1.54129e-08, 4.83183e-08, 0.718266)
bones/110/rotation = Quaternion(0.106975, -0.0062063, -0.0578035, 0.992561)
bones/111/rotation = Quaternion(0.0743723, -0.000742393, -5.50219e-05, 0.99723)
bones/112/rotation = Quaternion(0.0778691, 0.0292998, 0.0022847, 0.99653)
bones/118/rotation = Quaternion(-0.603848, -1.5159e-09, -3.67513e-08, 0.797099)
bones/119/rotation = Quaternion(0.715689, 0.027754, -0.0510829, 0.695995)
bones/120/rotation = Quaternion(-0.715689, -0.027754, 0.0510828, 0.695995)
bones/121/rotation = Quaternion(0.788225, 0.0395482, -0.0311526, 0.613325)
bones/124/rotation = Quaternion(0.0189642, 0.000806026, -0.0251717, 0.999503)
bones/129/rotation = Quaternion(-0.607974, 0.223953, -0.286642, 0.705726)
bones/129/scale = Vector3(1.00179, 1.00179, 1.00179)
bones/130/rotation = Quaternion(0.0139207, -1.88041e-08, -2.05852e-08, 0.999903)
bones/130/scale = Vector3(0.999857, 0.999857, 0.999857)
bones/131/rotation = Quaternion(-0.0399603, -0.0461384, -0.0604411, 0.996304)
bones/131/scale = Vector3(0.998358, 0.998358, 0.998358)
bones/135/scale = Vector3(0.998359, 0.998358, 0.998358)
bones/137/rotation = Quaternion(1.79637e-08, -0.0231056, 1.04891e-08, 0.999733)
bones/137/scale = Vector3(0.998358, 0.998358, 0.998358)
bones/140/scale = Vector3(0.998216, 0.998215, 0.998216)
bones/141/rotation = Quaternion(-6.29281e-08, -0.00141848, 5.13538e-08, 0.999999)
bones/141/scale = Vector3(0.998216, 0.998215, 0.998216)
bones/147/rotation = Quaternion(-0.416797, 0.496287, -0.599122, 0.470142)
bones/147/scale = Vector3(1.00179, 1.00179, 1.00179)
bones/148/rotation = Quaternion(0.0139207, -2.03339e-08, -2.00113e-08, 0.999903)
bones/148/scale = Vector3(0.999857, 0.999857, 0.999857)
bones/149/scale = Vector3(0.998359, 0.998358, 0.998358)
bones/150/rotation = Quaternion(-0.0191468, -0.0451998, -0.0464101, 0.997716)
bones/151/rotation = Quaternion(-0.408251, 0.495924, -0.606188, 0.468963)
bones/152/rotation = Quaternion(-0.00725085, -0.00848006, -6.14824e-05, 0.999938)
bones/152/scale = Vector3(1.00179, 1.00179, 1.00179)
bones/153/rotation = Quaternion(0.0139207, -2.67841e-09, -1.44673e-10, 0.999903)
bones/153/scale = Vector3(0.999857, 0.999857, 0.999857)
bones/154/rotation = Quaternion(-0.608785, 0.22195, -0.284916, 0.706358)
bones/156/rotation = Quaternion(-0.608785, 0.22195, -0.284916, 0.706358)
bones/156/scale = Vector3(0.999107, 1.00179, 0.999107)
bones/157/rotation = Quaternion(-9.42619e-09, 0.00141858, -8.04883e-09, 0.999999)
bones/158/rotation = Quaternion(0.0139206, 0.00141866, -1.9847e-05, 0.999902)
bones/158/scale = Vector3(1.00007, 0.999859, 1.00007)
bones/159/rotation = Quaternion(9.53392e-08, -0.0229543, 2.45644e-08, 0.999737)
bones/160/rotation = Quaternion(-0.0413336, -0.023259, -0.05951, 0.9971)
bones/160/scale = Vector3(1.00079, 0.998409, 1.0008)
bones/162/rotation = Quaternion(-0.194511, -0.749818, 0.572417, 0.268846)
bones/162/scale = Vector3(0.971231, 0.971231, 0.971231)
bones/163/rotation = Quaternion(0.156055, -2.45573e-08, -4.76841e-08, 0.987748)
bones/163/scale = Vector3(1.00232, 1.00232, 1.00232)
bones/164/rotation = Quaternion(-0.0193339, 0.732309, 0.0735265, 0.676715)
bones/164/scale = Vector3(1.02724, 1.02724, 1.02724)
bones/168/scale = Vector3(1.02724, 1.02724, 1.02724)
bones/170/rotation = Quaternion(-1.73058e-07, 0.400244, 2.02176e-09, 0.916409)
bones/170/scale = Vector3(1.02724, 1.02724, 1.02724)
bones/173/scale = Vector3(1.02962, 1.02962, 1.02962)
bones/174/rotation = Quaternion(3.06778e-07, 0.459869, 3.39805e-08, 0.887987)
bones/174/scale = Vector3(1.02962, 1.02962, 1.02962)
bones/180/rotation = Quaternion(0.203229, -0.747373, 0.630503, -0.0509676)
bones/180/scale = Vector3(0.971232, 0.971231, 0.971231)
bones/181/rotation = Quaternion(0.156055, -2.62713e-08, -4.42237e-08, 0.987748)
bones/181/scale = Vector3(1.00232, 1.00232, 1.00232)
bones/182/scale = Vector3(1.02724, 1.02724, 1.02724)
bones/183/rotation = Quaternion(0.00529646, 0.730677, 0.0781496, 0.678215)
bones/184/rotation = Quaternion(-0.405031, -0.49368, 0.592124, 0.491547)
bones/185/rotation = Quaternion(-0.0520177, -0.768241, -0.0629392, 0.634932)
bones/185/scale = Vector3(0.971231, 0.971231, 0.971231)
bones/186/rotation = Quaternion(0.156055, 6.08643e-10, -6.36313e-09, 0.987748)
bones/186/scale = Vector3(1.00232, 1.00232, 1.00232)
bones/187/rotation = Quaternion(-0.578645, -0.217962, 0.175117, 0.766157)
bones/189/rotation = Quaternion(-0.578645, -0.217962, 0.175117, 0.766157)
bones/189/scale = Vector3(1.0147, 0.971231, 1.0147)
bones/190/rotation = Quaternion(1.30294e-08, -0.454235, 9.01691e-08, 0.890882)
bones/191/rotation = Quaternion(0.14013, -0.453258, 0.0689922, 0.877588)
bones/191/scale = Vector3(0.998843, 0.998315, 1.00318)
bones/192/rotation = Quaternion(-1.31542e-08, 0.400105, 1.58721e-08, 0.916469)
bones/193/rotation = Quaternion(-0.0482066, 0.400176, 0.0588943, 0.913273)
bones/193/scale = Vector3(0.986862, 1.02632, 0.987394)
bones/198/position = Vector3(-1.60832, -0.113183, -1.96555)
bones/198/rotation = Quaternion(-0.471987, 0.488533, -0.577348, 0.453027)
bones/200/position = Vector3(1.41183, 2.37729, -0.488684)
bones/200/rotation = Quaternion(-0.683366, 0.00126649, -0.00865082, 0.730024)
bones/203/position = Vector3(1.60165, -0.0243945, -1.85527)
bones/203/rotation = Quaternion(-0.442604, -0.536871, 0.606883, 0.38414)
bones/205/position = Vector3(-1.39102, 2.41755, -0.516644)
bones/205/rotation = Quaternion(-0.683366, 0.00126651, -0.0086508, 0.730024)
bones/208/position = Vector3(0.205595, 0.0178005, 0)
bones/208/rotation = Quaternion(0, 0, 0.031527, 0.999503)
bones/219/position = Vector3(2.01799, 1.3535, 1.65477)
bones/219/rotation = Quaternion(-0.683366, 0.0012665, -0.00865088, 0.730024)
bones/222/position = Vector3(-0.192245, 0.00890024, 0)
bones/222/rotation = Quaternion(0, 0, -0.018473, 0.999829)
bones/233/position = Vector3(-2.06896, 1.4122, 1.614)
bones/233/rotation = Quaternion(-0.683366, 0.0012665, -0.00865088, 0.730024)

[node name="cuboid_003" parent="rig/Skeleton3D" index="0"]
transform = Transform3D(0.998013, 7.99075e-07, 0.063022, -8.08388e-07, 1, 8.9407e-07, -0.063023, -1.78814e-07, 0.998011, 0.216713, -0.000582278, 0.00100774)

[node name="cylinder_006" parent="rig/Skeleton3D" index="1"]
transform = Transform3D(0.858489, -0.0447921, -0.466346, -0.000317164, 0.973467, -0.0940842, 0.46849, 0.0827379, 0.854492, 0.182085, -0.00967443, -0.204427)

[node name="cylinder_005" parent="rig/Skeleton3D" index="2"]
transform = Transform3D(0.845127, -0.0843081, -0.475742, 0.108327, 0.967213, 0.021033, 0.470852, -0.071199, 0.84906, 0.24932, -0.0198264, 0.0444034)

[node name="cuboid_004" parent="rig/Skeleton3D" index="3"]
transform = Transform3D(0.999319, -8.86619e-07, -0.0369392, 8.79983e-07, 1, 5.96046e-07, 0.0369403, -2.98023e-07, 0.999317, -0.198632, -0.000530884, 0.00220171)

[node name="cylinder_007" parent="rig/Skeleton3D" index="4"]
transform = Transform3D(0.869338, 0.0502897, 0.44938, -0.0152386, 0.976534, -0.0798035, -0.451926, 0.06381, 0.867126, -0.169584, -0.0127236, -0.183801)

[node name="cylinder_004" parent="rig/Skeleton3D" index="5"]
transform = Transform3D(0.857708, 0.0855234, 0.457346, -0.104744, 0.970024, 0.0150434, -0.453329, -0.0623166, 0.861829, -0.229492, -0.0188785, 0.0201438)

[node name="cuboid" parent="rig/Skeleton3D" index="6"]
transform = Transform3D(0.999847, 0.0136726, -0.0108997, -0.0143617, 0.997725, -0.0658721, 0.00997423, 0.0660186, 0.997768, -0.0282291, -0.0764718, -0.191989)

[node name="torso_001" parent="rig/Skeleton3D" index="7"]
transform = Transform3D(0.999847, 0.0136726, -0.0108997, -0.0143617, 0.997725, -0.0658721, 0.00997423, 0.0660186, 0.997769, -0.0282291, -0.0764723, -0.191989)

[node name="bigote_001" parent="rig/Skeleton3D" index="8"]
transform = Transform3D(0.993707, 0.11191, 0.00473991, -0.110099, 0.983665, -0.14241, -0.0205995, 0.140992, 0.989796, -0.471535, -0.0245829, -0.531509)

[node name="ear" parent="rig/Skeleton3D" index="9"]
transform = Transform3D(0.993707, 0.11191, 0.00473991, -0.110099, 0.983665, -0.14241, -0.0205995, 0.140992, 0.989796, -0.471535, -0.0245829, -0.531509)

[node name="ear_001" parent="rig/Skeleton3D" index="10"]
transform = Transform3D(0.993707, 0.11191, 0.00473991, -0.110099, 0.983665, -0.14241, -0.0205995, 0.140992, 0.989796, -0.471535, -0.0245829, -0.531509)

[node name="head base" parent="rig/Skeleton3D" index="11"]
transform = Transform3D(0.993707, 0.11191, 0.00473991, -0.110099, 0.983665, -0.14241, -0.0205995, 0.140992, 0.989796, -0.471535, -0.0245829, -0.531509)

[node name="neck_001" parent="rig/Skeleton3D" index="12"]
transform = Transform3D(0.991219, 0.121169, -0.0529487, -0.12783, 0.980511, -0.149189, 0.0338397, 0.154647, 0.987389, -0.528204, -0.00992155, -0.600561)

[node name="cuboid_006" parent="rig/Skeleton3D" index="13"]
transform = Transform3D(0.105618, 0.994399, 0.00378433, -0.990665, 0.10489, 0.0870681, 0.0861836, -0.0129448, 0.996195, -3.76281, 4.3674, -0.041134)

[node name="cylinder_002" parent="rig/Skeleton3D" index="14"]
transform = Transform3D(0.162218, 0.985397, -0.0772628, -0.988405, 0.162178, -0.00682323, 0.00579715, 0.0773465, 0.998637, -3.87678, 4.09446, -0.238367)

[node name="cylinder" parent="rig/Skeleton3D" index="15"]
transform = Transform3D(0.167179, 0.984703, -0.0773883, -0.987716, 0.167212, -0.00608067, 0.00694017, 0.0773159, 0.998776, -3.88088, 4.07167, -0.239842)

[node name="cuboid_005" parent="rig/Skeleton3D" index="16"]
transform = Transform3D(0.038646, -0.984547, 0.170801, 0.993104, 0.0567748, 0.102565, -0.110677, 0.165659, 0.979952, 3.58277, 4.69548, -0.97125)

[node name="cylinder_003" parent="rig/Skeleton3D" index="17"]
transform = Transform3D(0.138707, 0.237111, 0.93392, 0.958459, 0.0629037, -0.158322, -0.0989096, 0.942065, -0.224489, -1.35485, 4.53514, -4.55415)

[node name="cylinder_001" parent="rig/Skeleton3D" index="18"]
transform = Transform3D(0.235572, 0.184833, 0.923923, 0.929659, -0.200635, -0.196897, 0.153391, 0.932132, -0.225586, -0.990309, 5.63526, -4.1501)
